{
    "w": 1920,
    "h": 1080,
    "fl_x": 986.0460559583075,
    "fl_y": 986.5132099872142,
    "cx": 962.148814302409,
    "cy": 542.8631696517178,
    "k1": -0.002328655492550733,
    "k2": 0.0008925498425948996,
    "p1": 0.000603258644837781,
    "p2": 0.0011552517569637423,
    "camera_model": "OPENCV",
    "frames": [
        {
            "file_path": "images/frame_00285.png",
            "transform_matrix": [
                [
                    0.38453818273871704,
                    -0.8951232245537047,
                    0.2255765920493146,
                    0.8654558342133452
                ],
                [
                    0.920181230988587,
                    0.3911447940350598,
                    -0.016500067745307406,
                    1.1188982006819281
                ],
                [
                    -0.07346351579072574,
                    0.21391625221999475,
                    0.9740856989422529,
                    -1.8812692772453101
                ],
                [
                    0.0,
                    0.0,
                    0.0,
                    1.0
                ]
            ],
            "colmap_im_id": 285,
            "mask_path": "./masks/frame_00285.png"
        },
        {
            "file_path": "images/frame_00284.png",
            "transform_matrix": [
                [
                    0.39073183083112095,
                    -0.8921180707415783,
                    0.22683470684990947,
                    0.8606637694325631
                ],
                [
                    0.9188812446084319,
                    0.3926429843883087,
                    -0.03858425997089242,
                    0.9959905352918892
                ],
                [
                    -0.05464334069417155,
                    0.2235102562903244,
                    0.9731686753337337,
                    -1.9388974670714703
                ],
                [
                    0.0,
                    0.0,
                    0.0,
                    1.0
                ]
            ],
            "colmap_im_id": 284,
            "mask_path": "./masks/frame_00284.png"
        },
        {
            "file_path": "images/frame_00283.png",
            "transform_matrix": [
                [
                    0.39963910615257375,
                    -0.8881650221904277,
                    0.22682918284702472,
                    0.8478450813547765
                ],
                [
                    0.9162826294194504,
                    0.39426278131420994,
                    -0.07059038386750519,
                    0.8160445380405076
                ],
                [
                    -0.0267343946583839,
                    0.23605031799991388,
                    0.9713730074046681,
                    -2.0205003905488264
                ],
                [
                    0.0,
                    0.0,
                    0.0,
                    1.0
                ]
            ],
            "colmap_im_id": 283,
            "mask_path": "./masks/frame_00283.png"
        },
        {
            "file_path": "images/frame_00282.png",
            "transform_matrix": [
                [
                    0.41646404153978833,
                    -0.8785963450712567,
                    0.23372240913479966,
                    0.8667390166818225
                ],
                [
                    0.9087811833088659,
                    0.3949592428744177,
                    -0.13462524775020573,
                    0.457912641983904
                ],
                [
                    0.025970424872977762,
                    0.2684691023106681,
                    0.9629381486556762,
                    -2.163276808871144
                ],
                [
                    0.0,
                    0.0,
                    0.0,
                    1.0
                ]
            ],
            "colmap_im_id": 282,
            "mask_path": "./masks/frame_00282.png"
        },
        {
            "file_path": "images/frame_00281.png",
            "transform_matrix": [
                [
                    0.43172320530793606,
                    -0.871023731911779,
                    0.2343773292046807,
                    0.8685688867378949
                ],
                [
                    0.898931519208564,
                    0.39403729285583877,
                    -0.19145948817497851,
                    0.1332367238020912
                ],
                [
                    0.07441234959349476,
                    0.2933466725315279,
                    0.9531057296767531,
                    -2.276625751090859
                ],
                [
                    0.0,
                    0.0,
                    0.0,
                    1.0
                ]
            ],
            "colmap_im_id": 281,
            "mask_path": "./masks/frame_00281.png"
        },
        {
            "file_path": "images/frame_00280.png",
            "transform_matrix": [
                [
                    0.45424021166507605,
                    -0.8594001245713866,
                    0.23472804688224197,
                    0.8909087842429552
                ],
                [
                    0.8790981778089366,
                    0.3896875880251656,
                    -0.27446307130857517,
                    -0.3576673470741024
                ],
                [
                    0.14440299124143594,
                    0.33102116190028363,
                    0.9325088559872834,
                    -2.4094327085560074
                ],
                [
                    0.0,
                    0.0,
                    0.0,
                    1.0
                ]
            ],
            "colmap_im_id": 280,
            "mask_path": "./masks/frame_00280.png"
        },
        {
            "file_path": "images/frame_00279.png",
            "transform_matrix": [
                [
                    0.47222091155382917,
                    -0.8499876058611122,
                    0.23351334131857487,
                    0.9191315035875725
                ],
                [
                    0.8581208989295465,
                    0.3827013229857644,
                    -0.34229843733983467,
                    -0.772058517818982
                ],
                [
                    0.201583564587041,
                    0.36202315846840544,
                    0.9101116960137049,
                    -2.4915838026102106
                ],
                [
                    0.0,
                    0.0,
                    0.0,
                    1.0
                ]
            ],
            "colmap_im_id": 279,
            "mask_path": "./masks/frame_00279.png"
        },
        {
            "file_path": "images/frame_00278.png",
            "transform_matrix": [
                [
                    0.4954306888444392,
                    -0.8374377129134118,
                    0.23075205208508603,
                    0.9790114962851069
                ],
                [
                    0.823929839681811,
                    0.36890795536180104,
                    -0.43017036131360864,
                    -1.3475999055508332
                ],
                [
                    0.2751146158113555,
                    0.4032430997067763,
                    0.8727582429893407,
                    -2.5578489735843633
                ],
                [
                    0.0,
                    0.0,
                    0.0,
                    1.0
                ]
            ],
            "colmap_im_id": 278,
            "mask_path": "./masks/frame_00278.png"
        },
        {
            "file_path": "images/frame_00277.png",
            "transform_matrix": [
                [
                    0.5123561509784779,
                    -0.8281053769363117,
                    0.2274481462744606,
                    1.035680233407779
                ],
                [
                    0.793672417286578,
                    0.35545272080524715,
                    -0.4936977388145776,
                    -1.7911827938692246
                ],
                [
                    0.32798668965828365,
                    0.43346839326681724,
                    0.8393627841676593,
                    -2.5822612473321507
                ],
                [
                    0.0,
                    0.0,
                    0.0,
                    1.0
                ]
            ],
            "colmap_im_id": 277,
            "mask_path": "./masks/frame_00277.png"
        },
        {
            "file_path": "images/frame_00276.png",
            "transform_matrix": [
                [
                    0.5329478473703836,
                    -0.8168051531407814,
                    0.22089801670893025,
                    1.1194773125897133
                ],
                [
                    0.750339790106884,
                    0.3355481918251662,
                    -0.5695591368288446,
                    -2.3659202039513247
                ],
                [
                    0.391096907895769,
                    0.4692938874154722,
                    0.7917110936881221,
                    -2.5800115301006423
                ],
                [
                    0.0,
                    0.0,
                    0.0,
                    1.0
                ]
            ],
            "colmap_im_id": 276,
            "mask_path": "./masks/frame_00276.png"
        },
        {
            "file_path": "images/frame_00275.png",
            "transform_matrix": [
                [
                    0.5456446271325196,
                    -0.8097291795611009,
                    0.21589487406772775,
                    1.188628257781762
                ],
                [
                    0.7188659165360923,
                    0.31985650833096124,
                    -0.6171900907508554,
                    -2.766118489506999
                ],
                [
                    0.43070144523107556,
                    0.49196592345977785,
                    0.756614694035366,
                    -2.5506912518755773
                ],
                [
                    0.0,
                    0.0,
                    0.0,
                    1.0
                ]
            ],
            "colmap_im_id": 275,
            "mask_path": "./masks/frame_00275.png"
        },
        {
            "file_path": "images/frame_00274.png",
            "transform_matrix": [
                [
                    0.5587150619018098,
                    -0.8026061682811231,
                    0.20895171270212304,
                    1.2748346724196233
                ],
                [
                    0.6807879109342387,
                    0.2999398364115351,
                    -0.6682543788552503,
                    -3.227829630512816
                ],
                [
                    0.47367214392430934,
                    0.5156155866248762,
                    0.7139854808745294,
                    -2.506219399873352
                ],
                [
                    0.0,
                    0.0,
                    0.0,
                    1.0
                ]
            ],
            "colmap_im_id": 274,
            "mask_path": "./masks/frame_00274.png"
        },
        {
            "file_path": "images/frame_00273.png",
            "transform_matrix": [
                [
                    0.5657553003522828,
                    -0.7987961827025979,
                    0.20456196768474905,
                    1.3313750841077352
                ],
                [
                    0.6582612415049257,
                    0.28811838609762486,
                    -0.6954710155893588,
                    -3.49400539166492
                ],
                [
                    0.4966015284467942,
                    0.5281216281239178,
                    0.6888210709988842,
                    -2.474250426138958
                ],
                [
                    0.0,
                    0.0,
                    0.0,
                    1.0
                ]
            ],
            "colmap_im_id": 273,
            "mask_path": "./masks/frame_00273.png"
        },
        {
            "file_path": "images/frame_00272.png",
            "transform_matrix": [
                [
                    0.5708837728857525,
                    -0.7961242273730257,
                    0.20069362831298754,
                    1.3879586210863573
                ],
                [
                    0.6401851402297041,
                    0.27858609286976027,
                    -0.7159279119357168,
                    -3.7021893822809093
                ],
                [
                    0.5140571019690349,
                    0.5371927060648387,
                    0.6687071799120546,
                    -2.4523331458320743
                ],
                [
                    0.0,
                    0.0,
                    0.0,
                    1.0
                ]
            ],
            "colmap_im_id": 272,
            "mask_path": "./masks/frame_00272.png"
        },
        {
            "file_path": "images/frame_00271.png",
            "transform_matrix": [
                [
                    0.5691386833601486,
                    -0.7966684907340775,
                    0.2034710666767223,
                    1.4701000996178557
                ],
                [
                    0.6478832795176429,
                    0.2821329447797172,
                    -0.707565020045076,
                    -3.642610589561328
                ],
                [
                    0.5062888653965645,
                    0.5345281258656197,
                    0.6767209671896149,
                    -2.3801795308580598
                ],
                [
                    0.0,
                    0.0,
                    0.0,
                    1.0
                ]
            ],
            "colmap_im_id": 271,
            "mask_path": "./masks/frame_00271.png"
        },
        {
            "file_path": "images/frame_00270.png",
            "transform_matrix": [
                [
                    0.5639784827084116,
                    -0.7989454693868508,
                    0.20884062820280538,
                    1.5337189734277308
                ],
                [
                    0.6642591418050388,
                    0.2886668481744898,
                    -0.6895152233949874,
                    -3.5068840607393486
                ],
                [
                    0.49059969789060326,
                    0.527596045958677,
                    0.6935087228856016,
                    -2.255843476458039
                ],
                [
                    0.0,
                    0.0,
                    0.0,
                    1.0
                ]
            ],
            "colmap_im_id": 270,
            "mask_path": "./masks/frame_00270.png"
        },
        {
            "file_path": "images/frame_00269.png",
            "transform_matrix": [
                [
                    0.5546385251647632,
                    -0.8030751173867198,
                    0.21782208849738469,
                    1.6358568996489065
                ],
                [
                    0.6933301456715478,
                    0.30129003625973955,
                    -0.654612574851473,
                    -3.252613263983202
                ],
                [
                    0.46007544545012025,
                    0.5140959734183017,
                    0.7239032494808695,
                    -2.020898555154461
                ],
                [
                    0.0,
                    0.0,
                    0.0,
                    1.0
                ]
            ],
            "colmap_im_id": 269,
            "mask_path": "./masks/frame_00269.png"
        },
        {
            "file_path": "images/frame_00268.png",
            "transform_matrix": [
                [
                    0.5440648743644754,
                    -0.8077857981766061,
                    0.22688216489391774,
                    1.734626691308843
                ],
                [
                    0.7214402764927897,
                    0.31231880153447367,
                    -0.6180460287568208,
                    -3.008007906724058
                ],
                [
                    0.428389238819995,
                    0.4999390667593935,
                    0.7526908991019966,
                    -1.7813620303567457
                ],
                [
                    0.0,
                    0.0,
                    0.0,
                    1.0
                ]
            ],
            "colmap_im_id": 268,
            "mask_path": "./masks/frame_00268.png"
        },
        {
            "file_path": "images/frame_00267.png",
            "transform_matrix": [
                [
                    0.5272530153921614,
                    -0.8161486061570876,
                    0.23644388431024502,
                    1.8581327037839797
                ],
                [
                    0.7603381742585573,
                    0.3289404342343284,
                    -0.560075040946207,
                    -2.636170295127608
                ],
                [
                    0.37932851003455725,
                    0.47507856549582905,
                    0.7939837769636026,
                    -1.4160892434811794
                ],
                [
                    0.0,
                    0.0,
                    0.0,
                    1.0
                ]
            ],
            "colmap_im_id": 267,
            "mask_path": "./masks/frame_00267.png"
        },
        {
            "file_path": "images/frame_00266.png",
            "transform_matrix": [
                [
                    0.5146193828440806,
                    -0.8215826304010276,
                    0.24529344105480272,
                    1.9717686718023002
                ],
                [
                    0.7886101881140615,
                    0.34124845695482164,
                    -0.5115109596368954,
                    -2.3455122074260615
                ],
                [
                    0.3365425114363445,
                    0.45667436105969594,
                    0.8235215030263852,
                    -1.1209211883560697
                ],
                [
                    0.0,
                    0.0,
                    0.0,
                    1.0
                ]
            ],
            "colmap_im_id": 266,
            "mask_path": "./masks/frame_00266.png"
        },
        {
            "file_path": "images/frame_00265.png",
            "transform_matrix": [
                [
                    0.4937301302344322,
                    -0.8307931493860956,
                    0.25693053814566924,
                    2.142605541540039
                ],
                [
                    0.8269961924587265,
                    0.35721204081852437,
                    -0.43413921218087875,
                    -1.918755331307042
                ],
                [
                    0.26890120148013436,
                    0.42682818654277904,
                    0.8634291186977324,
                    -0.6569469976041454
                ],
                [
                    0.0,
                    0.0,
                    0.0,
                    1.0
                ]
            ],
            "colmap_im_id": 265,
            "mask_path": "./masks/frame_00265.png"
        },
        {
            "file_path": "images/frame_00264.png",
            "transform_matrix": [
                [
                    0.4767219090484833,
                    -0.8392315227858009,
                    0.2615849242517526,
                    2.253909148069476
                ],
                [
                    0.8516036629194023,
                    0.3671292537724502,
                    -0.37414878367668253,
                    -1.6066274538609866
                ],
                [
                    0.21796197543476872,
                    0.40113160207980303,
                    0.8897111975677635,
                    -0.30395605995491765
                ],
                [
                    0.0,
                    0.0,
                    0.0,
                    1.0
                ]
            ],
            "colmap_im_id": 264,
            "mask_path": "./masks/frame_00264.png"
        },
        {
            "file_path": "images/frame_00263.png",
            "transform_matrix": [
                [
                    0.450921288507477,
                    -0.8514819458065204,
                    0.26767235108673193,
                    2.426154826654881
                ],
                [
                    0.8823256308406966,
                    0.37994081051844275,
                    -0.27775251873593454,
                    -1.1116689009251064
                ],
                [
                    0.13480160508066544,
                    0.3614186996658179,
                    0.9226077448187533,
                    0.23594427604149515
                ],
                [
                    0.0,
                    0.0,
                    0.0,
                    1.0
                ]
            ],
            "colmap_im_id": 263,
            "mask_path": "./masks/frame_00263.png"
        },
        {
            "file_path": "images/frame_00262.png",
            "transform_matrix": [
                [
                    0.4293505545529838,
                    -0.8612104504811415,
                    0.27198283270661516,
                    2.5711276235422162
                ],
                [
                    0.9007247375915213,
                    0.3863239525956493,
                    -0.19861709579379033,
                    -0.7014421056272894
                ],
                [
                    0.06597763557244542,
                    0.3302580258418316,
                    0.9415819603047446,
                    0.658971326689281
                ],
                [
                    0.0,
                    0.0,
                    0.0,
                    1.0
                ]
            ],
            "colmap_im_id": 262,
            "mask_path": "./masks/frame_00262.png"
        },
        {
            "file_path": "images/frame_00261.png",
            "transform_matrix": [
                [
                    0.40295022587469553,
                    -0.8715839219702551,
                    0.27923571123780067,
                    2.783182181127121
                ],
                [
                    0.9150698079480738,
                    0.3892356071636916,
                    -0.10555988204705169,
                    -0.2367801021790133
                ],
                [
                    -0.0166841856081438,
                    0.2980555469687837,
                    0.9544027079130339,
                    1.1364390012824919
                ],
                [
                    0.0,
                    0.0,
                    0.0,
                    1.0
                ]
            ],
            "colmap_im_id": 261,
            "mask_path": "./masks/frame_00261.png"
        },
        {
            "file_path": "images/frame_00260.png",
            "transform_matrix": [
                [
                    0.38246550964647796,
                    -0.88079013809215,
                    0.27915742256023085,
                    2.9105537255389877
                ],
                [
                    0.9206731705193536,
                    0.3887900193276725,
                    -0.034687662893734296,
                    0.1357058921967375
                ],
                [
                    -0.07798106832238923,
                    0.2702795839696359,
                    0.9596186218871011,
                    1.4819009824206408
                ],
                [
                    0.0,
                    0.0,
                    0.0,
                    1.0
                ]
            ],
            "colmap_im_id": 260,
            "mask_path": "./masks/frame_00260.png"
        },
        {
            "file_path": "images/frame_00259.png",
            "transform_matrix": [
                [
                    0.35814085973101534,
                    -0.8954000860331683,
                    0.2645634338356755,
                    2.949587408728603
                ],
                [
                    0.9211505137354309,
                    0.3851005681596771,
                    0.056385134991816986,
                    0.6458453913630934
                ],
                [
                    -0.1523707834070585,
                    0.2235089222713235,
                    0.9627184978118114,
                    1.903641438526753
                ],
                [
                    0.0,
                    0.0,
                    0.0,
                    1.0
                ]
            ],
            "colmap_im_id": 259,
            "mask_path": "./masks/frame_00259.png"
        },
        {
            "file_path": "images/frame_00258.png",
            "transform_matrix": [
                [
                    0.33990699104487193,
                    -0.901161684800401,
                    0.26901831775275786,
                    3.1090837933851416
                ],
                [
                    0.9172564693763,
                    0.38081629219513413,
                    0.11670270342230721,
                    1.00954700724913
                ],
                [
                    -0.20761456313598559,
                    0.20709072757236774,
                    0.9560385053581268,
                    2.11731723940695
                ],
                [
                    0.0,
                    0.0,
                    0.0,
                    1.0
                ]
            ],
            "colmap_im_id": 258,
            "mask_path": "./masks/frame_00258.png"
        },
        {
            "file_path": "images/frame_00127.png",
            "transform_matrix": [
                [
                    -0.002044713056071874,
                    -0.9999940463125765,
                    -0.002779656079216729,
                    -0.024176813334075387
                ],
                [
                    0.9807056478094944,
                    -0.002548626257404837,
                    0.19547362190014228,
                    3.072508293468468
                ],
                [
                    -0.195479542415768,
                    -0.002326336949038963,
                    0.9807050202039967,
                    -1.4613692183820113
                ],
                [
                    0.0,
                    0.0,
                    0.0,
                    1.0
                ]
            ],
            "colmap_im_id": 127,
            "mask_path": "./masks/frame_00127.png"
        },
        {
            "file_path": "images/frame_00126.png",
            "transform_matrix": [
                [
                    -0.0020309461213991733,
                    -0.9999938398420852,
                    -0.0028627846118074386,
                    -0.02409954862549771
                ],
                [
                    0.9808380044520346,
                    -0.0025497393017314476,
                    0.19480838753001387,
                    3.0690019059465463
                ],
                [
                    -0.1948144868340207,
                    -0.002412282606751091,
                    0.9808371407181837,
                    -1.4662537268481781
                ],
                [
                    0.0,
                    0.0,
                    0.0,
                    1.0
                ]
            ],
            "colmap_im_id": 126,
            "mask_path": "./masks/frame_00126.png"
        },
        {
            "file_path": "images/frame_00125.png",
            "transform_matrix": [
                [
                    -0.002247644389529536,
                    -0.999993991206477,
                    -0.002639250961553076,
                    -0.03382791249579125
                ],
                [
                    0.9826038423244224,
                    -0.0026986543251889053,
                    0.18569438956014458,
                    3.0131592625193937
                ],
                [
                    -0.18570039618692205,
                    -0.0021759631828185077,
                    0.9826040036760725,
                    -1.517036058249393
                ],
                [
                    0.0,
                    0.0,
                    0.0,
                    1.0
                ]
            ],
            "colmap_im_id": 125,
            "mask_path": "./masks/frame_00125.png"
        },
        {
            "file_path": "images/frame_00124.png",
            "transform_matrix": [
                [
                    -0.0023071252568801505,
                    -0.9999963045167637,
                    -0.001438098002518941,
                    -0.04181898808825995
                ],
                [
                    0.9846845673016433,
                    -0.0025224994201763443,
                    0.17432710608121316,
                    2.9420929928032713
                ],
                [
                    -0.17433008945969256,
                    -0.001013878439948929,
                    0.9846867481384546,
                    -1.5846912473572135
                ],
                [
                    0.0,
                    0.0,
                    0.0,
                    1.0
                ]
            ],
            "colmap_im_id": 124,
            "mask_path": "./masks/frame_00124.png"
        },
        {
            "file_path": "images/frame_00123.png",
            "transform_matrix": [
                [
                    -0.002215879348052422,
                    -0.9999973911670013,
                    0.000554561003222452,
                    -0.05644280984991822
                ],
                [
                    0.9880728384684101,
                    -0.002104068347698961,
                    0.15397285078015258,
                    2.812534124233182
                ],
                [
                    -0.1539712822564448,
                    0.0008891319247623943,
                    0.9880749231129825,
                    -1.7047211697445148
                ],
                [
                    0.0,
                    0.0,
                    0.0,
                    1.0
                ]
            ],
            "colmap_im_id": 123,
            "mask_path": "./masks/frame_00123.png"
        },
        {
            "file_path": "images/frame_00122.png",
            "transform_matrix": [
                [
                    -0.0025143401262301642,
                    -0.9999968172030186,
                    -0.00020899177501773578,
                    -0.08207536879610994
                ],
                [
                    0.9910538424135532,
                    -0.002519742089603122,
                    0.13343887116254316,
                    2.681643642420182
                ],
                [
                    -0.13343897305907876,
                    0.00012838860649868366,
                    0.9910570235790189,
                    -1.8085898134036031
                ],
                [
                    0.0,
                    0.0,
                    0.0,
                    1.0
                ]
            ],
            "colmap_im_id": 122,
            "mask_path": "./masks/frame_00122.png"
        },
        {
            "file_path": "images/frame_00121.png",
            "transform_matrix": [
                [
                    -0.0026955304742710745,
                    -0.9999960515172776,
                    0.0007943961962213968,
                    -0.10599496524292291
                ],
                [
                    0.9946230892789241,
                    -0.0025988044386021417,
                    0.10352852982989544,
                    2.485928820581772
                ],
                [
                    -0.10352605656892337,
                    0.0010691891059101172,
                    0.9946261671834015,
                    -1.9613422715627409
                ],
                [
                    0.0,
                    0.0,
                    0.0,
                    1.0
                ]
            ],
            "colmap_im_id": 121,
            "mask_path": "./masks/frame_00121.png"
        },
        {
            "file_path": "images/frame_00120.png",
            "transform_matrix": [
                [
                    -0.002695118690129493,
                    -0.999994591967016,
                    0.0018847737177840145,
                    -0.1212055145951235
                ],
                [
                    0.9968220804504162,
                    -0.00253650230736208,
                    0.0796197593725889,
                    2.3245653002365225
                ],
                [
                    -0.07961454805342003,
                    0.002093368760128404,
                    0.996823525778502,
                    -2.0801775178985604
                ],
                [
                    0.0,
                    0.0,
                    0.0,
                    1.0
                ]
            ],
            "colmap_im_id": 120,
            "mask_path": "./masks/frame_00120.png"
        },
        {
            "file_path": "images/frame_00119.png",
            "transform_matrix": [
                [
                    -0.0027490158449613596,
                    -0.9999940752437703,
                    0.00207180820563393,
                    -0.14376481220817258
                ],
                [
                    0.9990071337266423,
                    -0.0026541660294456936,
                    0.04447136343723682,
                    2.0829855916822355
                ],
                [
                    -0.044465601032290324,
                    0.0021920036598776895,
                    0.9990085111973733,
                    -2.2332411153617295
                ],
                [
                    0.0,
                    0.0,
                    0.0,
                    1.0
                ]
            ],
            "colmap_im_id": 119,
            "mask_path": "./masks/frame_00119.png"
        },
        {
            "file_path": "images/frame_00118.png",
            "transform_matrix": [
                [
                    -0.002828840459159924,
                    -0.999992914849684,
                    0.002483528153535111,
                    -0.15563488276739482
                ],
                [
                    0.9998423072066335,
                    -0.0027848562970479033,
                    0.01753867997087138,
                    1.8906280425469935
                ],
                [
                    -0.017531639437670176,
                    0.0025327506465450344,
                    0.9998431010877608,
                    -2.3418929808655666
                ],
                [
                    0.0,
                    0.0,
                    0.0,
                    1.0
                ]
            ],
            "colmap_im_id": 118,
            "mask_path": "./masks/frame_00118.png"
        },
        {
            "file_path": "images/frame_00117.png",
            "transform_matrix": [
                [
                    -0.0029953927331487487,
                    -0.999994357251307,
                    0.0015208839270429932,
                    -0.1713033652872627
                ],
                [
                    0.9998292006075188,
                    -0.003022628080891472,
                    -0.018232754372682385,
                    1.6224685453965337
                ],
                [
                    0.018237248556297138,
                    0.0014660099010390007,
                    0.9998326127807925,
                    -2.4701045171848937
                ],
                [
                    0.0,
                    0.0,
                    0.0,
                    1.0
                ]
            ],
            "colmap_im_id": 117,
            "mask_path": "./masks/frame_00117.png"
        },
        {
            "file_path": "images/frame_00116.png",
            "transform_matrix": [
                [
                    -0.0032301774646233735,
                    -0.9999943652262651,
                    0.0009140400789970065,
                    -0.17691403080669976
                ],
                [
                    0.9989956949791833,
                    -0.0032677974517771793,
                    -0.04468694342727817,
                    1.4139491771849841
                ],
                [
                    0.04468967852430403,
                    0.0007687753463347484,
                    0.9990006214301677,
                    -2.5501100760082145
                ],
                [
                    0.0,
                    0.0,
                    0.0,
                    1.0
                ]
            ],
            "colmap_im_id": 116,
            "mask_path": "./masks/frame_00116.png"
        },
        {
            "file_path": "images/frame_00115.png",
            "transform_matrix": [
                [
                    -0.0031333864967636274,
                    -0.9999949607485027,
                    0.000510261366719165,
                    -0.1743767592539873
                ],
                [
                    0.9969389382617401,
                    -0.0031636726009164266,
                    -0.07812006498479346,
                    1.1315555272292506
                ],
                [
                    0.07812128561804421,
                    0.0002639190684233398,
                    0.9969438274447108,
                    -2.628384407509709
                ],
                [
                    0.0,
                    0.0,
                    0.0,
                    1.0
                ]
            ],
            "colmap_im_id": 115,
            "mask_path": "./masks/frame_00115.png"
        },
        {
            "file_path": "images/frame_00114.png",
            "transform_matrix": [
                [
                    -0.003032449677741292,
                    -0.9999941077366769,
                    0.001608956456721708,
                    -0.16034911605374358
                ],
                [
                    0.9948459283134542,
                    -0.003179903867614383,
                    -0.10134824680049548,
                    0.9182589157782203
                ],
                [
                    0.10135276595679753,
                    0.0012933303214534262,
                    0.9948497093177373,
                    -2.66358775597626
                ],
                [
                    0.0,
                    0.0,
                    0.0,
                    1.0
                ]
            ],
            "colmap_im_id": 114,
            "mask_path": "./masks/frame_00114.png"
        },
        {
            "file_path": "images/frame_00113.png",
            "transform_matrix": [
                [
                    -0.003376920583403899,
                    -0.999994252881484,
                    -0.0003010172358928401,
                    -0.14672293412111528
